PID: 19074: 48.800000 + 42.200000 = 91.000000
PID: 19075: 48.800000 - 42.200000 = 6.600000
PID: 19076: 48.800000 * 42.200000 = 2059.360000
PID: 19077: 48.800000 / 42.200000 = 1.156398
